no. of wins: 4.0
Individual Genotype
[0.6552286530005225, 0.1242617191752251, 0.4543333914003722, 0.0718930478392632, 0.47963309792544506, 0.11578522679524825, 0.5724789844871045, 0.29536927433267135, 0.1835069458953022, 0.5144838799878096]
Individual Proteins
[0.6552286530005225, 37.27851575256753, 27.260003484022334, 21.56791435177896, 28.777985875526703, 34.73556803857448, 34.34873906922627, 14.768463716633567, 3.670138917906044, 51.448387998780966]


no. of wins: 4.0
Individual Genotype
[0.6542707612183853, 0.12485218702549236, 0.45468458486826674, 0.07005274877242404, 0.47885625478206845, 0.11478912775523067, 0.5726939928842192, 0.29563684219665914, 0.1826227905220912, 0.5148920269705566]
Individual Proteins
[0.6542707612183853, 37.455656107647705, 27.281075092096003, 21.015824631727213, 28.731375286924106, 34.436738326569206, 34.361639573053154, 14.781842109832958, 3.652455810441824, 51.48920269705566]


